207
207
205
202
203
201
201
203
200
200
197
196
197
194
196
196
198
202
202
205
196
196
196
196
198
199
251
237
188
188
199
203
206
210
211
218
222
222
225
230
238
236
230
223
220
221
220
220
222
222
225
227
226
226
228
231
233
235
238
238
238
246
246
246
246
247
246
246
246
261
326
237
248
248
254
259
261
261
267
273
279
286
286
291
290
285
279
274
274
274
273
273
274
274
275
276
278
276
276
279
276
276
278
278
282
284
282
279
277
272
274
274
274
287
348
263
270
272
274
275
276
276
276
278
282
287
290
288
282
274
268
262
262
259
257
257
256
254
254
255
253
249
250
246
250
251
247
245
245
240
236
236
233
238
326
226
222
222
224
224
224
226
226
229
232
238
240
240
239
232
221
215
210
208
208
206
202
202
204
203
202
202
202
199
200
198
198
199
199
201
197
195
191
192
191
191
222
260
177
177
190
195
196
200
201
204
208
214
222
224
223
215
215
207
205
204
204
205
206
210
208
212
213
214
213
213
219
221
221
220
216
218
218
221
229
308
308
214
219
224
229
233
235
242
246
255
261
261
263
266
262
251
248
247
247
247
247
250
251
252
259
259
259
262
262
263
262
265
270
273
274
272
267
267
268
268
267
272
348
266
266
267
269
269
268
273
274
276
280
289
289
282
282
275
266
266
264
262
259
259
257
257
256
255
253
252
252
250
246
251
252
249
246
241
238
239
235
242
330
238
238
229
229
232
231
231
230
232
231
233
238
238
242
235
235
226
219
215
212
210
206
206
207
204
200
201
201
201
201
200
199
202
200
199
199
198
191
188
187
190
189
265
192
179
187
189
189
193
194
196
198
204
209
218
219
219
213
206
199
199
200
198
203
203
203
207
207
203
208
206
209
211
211
214
217
220
214
213
213
215
215
250
279
207
207
219
225
225
227
230
234
234
239
249
261
258
258
254
248
243
243
242
246
246
247
247
252
256
256
256
258
257
259
259
261
262
261
265
266
272
270
270
263
264
265
265
263
321
311
258
266
266
266
266
270
269
272
273
281
284
288
286
276
267
264
264
262
260
261
257
257
255
253
253
253
251
249
249
249
248
248
251
251
251
249
246
240
237
235
233
234
234
307
241
222
225
230
225
227
227
